Run semi-empirical minimization
 &qmmm
    qm_theory='AM1', grms_tol=0.0005,
 scfconv=1.d-10, ndiis_attempts=700,   qmcharge=0,
 /
   6     C       21.9800       -2.0720      -12.4800 
   6    C1       21.9850       -0.7050      -11.7700 
   6    C2       23.3000        0.0440      -11.9860 
   6    C3       22.0430       -2.0200      -14.0130 
   6    C4       23.3120       -2.5970      -14.6400 
   6    C5       23.1920       -3.9460      -15.3220 
   8     O       20.8560       -2.8370      -12.0530 
   8    O1       20.9260        0.1080      -12.2730 
   8    O2       23.0170        1.4300      -12.1470 
   8    O3       23.9350        3.4550      -13.5530 
   8    O4       21.8390        2.0500      -14.3140 
   8    O5       24.1290        0.9610      -14.3650 
   8    O6       20.9280       -2.7370      -14.5310 
   8    O7       24.3910       -2.0060      -14.5720 
   8    O8       22.5480       -3.8100      -16.5720 
  15     P       23.2850        2.1030      -13.5920 
   1     H       20.1560       -2.7380      -12.7210 
   1    H1       21.2270        0.5070      -13.1070 
   1    H2       21.4520        1.1760      -14.5370 
   1    H3       24.2190        1.0160      -15.3400 
   1    H4       20.6980       -3.4300      -13.8890 
   1    H5       22.0750       -2.9600      -16.5680 
   1    H6       22.8940       -2.5440      -12.1880 
   1    H7       21.8590       -0.8940      -10.7240 
   1    H8       23.7860       -0.3280      -12.8640 
   1    H9       23.9430       -0.1000      -11.1430 
   1   H10       22.0360       -0.9810      -14.2680 
   1   H11       22.6220       -4.6050      -14.7010 
   1   H12       24.1730       -4.3450      -15.4780 

