Run semi-empirical minimization
 &qmmm
    qm_theory='AM1', grms_tol=0.0005,
 scfconv=1.d-10, ndiis_attempts=700,   qmcharge=0,
 /
   6    C1       15.2460       32.8170       67.6850 
   8    O1       16.2920       32.8750       68.3370 
   6    C2       14.8570       31.5160       66.9950 
   8    O2       15.9970       30.9300       66.3890 
   6    C3       13.7800       31.7630       65.9400 
   8    O3       13.6530       30.6030       65.1260 
   6    C4       14.1080       32.9800       65.0670 
   8    O4       15.4580       32.9160       64.6300 
   6    C5       13.1830       33.0320       63.8550 
   8    O5       11.8270       33.0210       64.2770 
   6    C6       13.4620       34.3020       63.0650 
   1     H       14.6370       33.6470       67.6080 
   1    H1       14.4640       30.8480       67.7320 
   1    H2       16.3540       31.5350       65.7200 
   1    H3       12.8570       31.9670       66.4420 
   1    H4       14.4950       30.4290       64.6770 
   1    H5       13.9650       33.8640       65.6520 
   1    H6       15.5880       32.1150       64.0990 
   1    H7       13.3610       32.1770       63.2370 
   1    H8       11.6570       33.7940       64.8380 
   1    H9       13.2830       35.1550       63.6860 
   1   H10       12.8170       34.3400       62.2120 
   1   H11       14.4820       34.3040       62.7420 

